20180118112142942PCB1.jpg,EdwinXu,0,332,357,366,403,1
20180118112142942PCB1.jpg,EdwinXu,1,387,357,416,405,1
20180118112142942PCB10.jpg,EdwinXu,0,22,202,75,237,1
20180118112142942PCB10.jpg,EdwinXu,1,194,201,249,237,1
20180118112142942PCB10.jpg,EdwinXu,2,24,261,77,298,1
20180118112142942PCB10.jpg,EdwinXu,3,196,258,251,300,1
20180118112142942PCB10.jpg,EdwinXu,4,1,373,33,407,1
20180118112142942PCB10.jpg,EdwinXu,5,221,372,259,408,1
20180118112142942PCB100.jpg,EdwinXu,0,339,30,399,69,1
20180118112142942PCB100.jpg,EdwinXu,1,261,228,334,288,1
20180118112142942PCB100.jpg,EdwinXu,2,84,342,138,393,0
20180118112142942PCB101.jpg,EdwinXu,0,1,30,57,71,1
20180118112142942PCB101.jpg,EdwinXu,1,230,30,291,71,1
20180118112142942PCB101.jpg,EdwinXu,2,112,210,174,267,1
20180118112142942PCB103.jpg,EdwinXu,0,212,224,284,294,1
20180118112142942PCB105.jpg,EdwinXu,0,268,225,336,286,1
20180118112142942PCB106.jpg,EdwinXu,0,82,167,140,224,1
20180118112142942PCB106.jpg,EdwinXu,1,262,165,323,225,1
20180118112142942PCB106.jpg,EdwinXu,2,79,322,141,385,1
20180118112142942PCB106.jpg,EdwinXu,3,264,324,323,382,1
20180118112142942PCB107.jpg,EdwinXu,0,310,27,371,66,0
20180118112142942PCB107.jpg,EdwinXu,1,233,223,310,289,1
20180118112142942PCB107.jpg,EdwinXu,2,53,340,113,391,0
20180118112142942PCB108.jpg,EdwinXu,0,204,28,266,66,1
20180118112142942PCB108.jpg,EdwinXu,1,87,207,146,261,1
20180118112142942PCB11.jpg,EdwinXu,0,335,180,370,226,1
20180118112142942PCB11.jpg,EdwinXu,1,395,180,416,230,0
20180118112142942PCB110.jpg,EdwinXu,0,187,223,256,285,1
20180118112142942PCB111.jpg,EdwinXu,0,216,220,283,289,1
20180118112142942PCB112.jpg,EdwinXu,0,253,220,325,287,1
20180118112142942PCB113.jpg,EdwinXu,0,106,22,169,85,1
20180118112142942PCB113.jpg,EdwinXu,1,289,23,349,81,1
20180118112142942PCB114.jpg,EdwinXu,0,264,260,331,330,1
20180118112142942PCB115.jpg,EdwinXu,0,114,231,173,288,1
20180118112142942PCB115.jpg,EdwinXu,1,310,97,376,157,0
20180118112142942PCB115.jpg,EdwinXu,2,309,230,378,283,1
20180118112142942PCB116.jpg,EdwinXu,0,1,97,31,158,1
20180118112142942PCB116.jpg,EdwinXu,1,1,233,36,285,1
20180118112142942PCB116.jpg,EdwinXu,2,143,95,213,158,1
20180118112142942PCB116.jpg,EdwinXu,3,147,227,216,280,1
20180118112142942PCB117.jpg,EdwinXu,0,139,122,213,181,1
20180118112142942PCB117.jpg,EdwinXu,1,318,121,389,184,1
20180118112142942PCB117.jpg,EdwinXu,2,142,250,215,308,1
20180118112142942PCB117.jpg,EdwinXu,3,318,252,392,309,1
20180118112142942PCB118.jpg,EdwinXu,0,1,122,45,184,1
20180118112142942PCB118.jpg,EdwinXu,1,158,121,228,183,1
20180118112142942PCB118.jpg,EdwinXu,2,334,120,405,180,1
20180118112142942PCB118.jpg,EdwinXu,3,1,253,48,312,1
20180118112142942PCB118.jpg,EdwinXu,4,157,253,228,309,1
20180118112142942PCB118.jpg,EdwinXu,5,336,250,406,308,1
20180118112142942PCB119.jpg,EdwinXu,0,1,121,62,183,1
20180118112142942PCB119.jpg,EdwinXu,1,1,249,63,310,1
20180118112142942PCB12.jpg,EdwinXu,0,1,180,26,226,1
20180118112142942PCB12.jpg,EdwinXu,1,49,180,81,226,1
20180118112142942PCB12.jpg,EdwinXu,2,105,174,139,222,1
20180118112142942PCB12.jpg,EdwinXu,3,160,175,199,227,1
20180118112142942PCB12.jpg,EdwinXu,4,215,173,256,229,1
20180118112142942PCB12.jpg,EdwinXu,5,276,172,315,228,1
20180118112142942PCB120.jpg,EdwinXu,0,79,22,142,82,1
20180118112142942PCB120.jpg,EdwinXu,1,267,21,319,77,1
20180118112142942PCB121.jpg,EdwinXu,0,236,263,307,329,1
20180118112142942PCB122.jpg,EdwinXu,0,86,228,146,286,1
20180118112142942PCB122.jpg,EdwinXu,1,283,96,348,155,1
20180118112142942PCB122.jpg,EdwinXu,2,280,224,350,277,1
20180118112142942PCB123.jpg,EdwinXu,0,118,93,187,154,1
20180118112142942PCB123.jpg,EdwinXu,1,120,221,191,275,1
20180118112142942PCB124.jpg,EdwinXu,0,116,118,186,180,1
20180118112142942PCB124.jpg,EdwinXu,1,292,117,361,178,1
20180118112142942PCB124.jpg,EdwinXu,2,116,247,186,302,1
20180118112142942PCB124.jpg,EdwinXu,3,292,248,364,305,1
20180118112142942PCB125.jpg,EdwinXu,0,127,118,199,180,1
20180118112142942PCB125.jpg,EdwinXu,1,308,117,377,178,1
20180118112142942PCB125.jpg,EdwinXu,2,130,247,201,305,1
20180118112142942PCB125.jpg,EdwinXu,3,306,245,376,305,1
20180118112142942PCB126.jpg,EdwinXu,0,2,119,44,177,1
20180118112142942PCB126.jpg,EdwinXu,1,2,254,47,305,1
20180118112142942PCB13.jpg,EdwinXu,0,124,306,179,358,1
20180118112142942PCB13.jpg,EdwinXu,1,302,306,358,362,1
20180118112142942PCB15.jpg,EdwinXu,0,332,50,367,95,1
20180118112142942PCB15.jpg,EdwinXu,1,389,51,416,96,1
20180118112142942PCB15.jpg,EdwinXu,2,337,222,367,267,1
20180118112142942PCB15.jpg,EdwinXu,3,391,223,416,267,1
20180118112142942PCB15.jpg,EdwinXu,4,147,308,197,365,1
20180118112142942PCB15.jpg,EdwinXu,5,258,306,309,372,1
20180118112142942PCB16.jpg,EdwinXu,0,1,50,25,94,1
20180118112142942PCB16.jpg,EdwinXu,1,46,52,80,96,1
20180118112142942PCB16.jpg,EdwinXu,2,105,50,137,93,1
20180118112142942PCB16.jpg,EdwinXu,3,163,48,195,93,1
20180118112142942PCB16.jpg,EdwinXu,4,366,65,403,103,1
20180118112142942PCB16.jpg,EdwinXu,5,337,164,398,201,1
20180118112142942PCB16.jpg,EdwinXu,6,1,223,22,268,1
20180118112142942PCB16.jpg,EdwinXu,7,49,222,81,267,1
20180118112142942PCB16.jpg,EdwinXu,8,105,221,140,267,1
20180118112142942PCB16.jpg,EdwinXu,9,162,222,196,269,1
20180118112142942PCB16.jpg,EdwinXu,10,338,236,397,277,1
20180118112142942PCB16.jpg,EdwinXu,11,337,311,399,348,1
20180118112142942PCB16.jpg,EdwinXu,12,339,385,398,416,1
20180118112142942PCB17.jpg,EdwinXu,0,24,70,62,104,1
20180118112142942PCB17.jpg,EdwinXu,1,250,64,288,103,1
20180118112142942PCB17.jpg,EdwinXu,2,1,165,54,204,1
20180118112142942PCB17.jpg,EdwinXu,3,232,165,291,203,1
20180118112142942PCB17.jpg,EdwinXu,4,357,187,401,246,1
20180118112142942PCB17.jpg,EdwinXu,5,1,238,54,278,1
20180118112142942PCB17.jpg,EdwinXu,6,230,237,292,278,1
20180118112142942PCB17.jpg,EdwinXu,7,1,312,55,350,1
20180118112142942PCB17.jpg,EdwinXu,8,1,383,55,416,1
20180118112142942PCB17.jpg,EdwinXu,9,232,383,291,416,1
20180118112142942PCB18.jpg,EdwinXu,0,180,101,227,158,1
20180118112142942PCB18.jpg,EdwinXu,1,262,100,307,161,1
20180118112142942PCB18.jpg,EdwinXu,2,13,185,58,245,1
20180118112142942PCB18.jpg,EdwinXu,3,95,185,140,245,1
20180118112142942PCB18.jpg,EdwinXu,4,294,380,347,416,1
20180118112142942PCB19.jpg,EdwinXu,0,217,375,274,416,1
20180118112142942PCB19.jpg,EdwinXu,1,315,379,377,416,1
20180118112142942PCB2.jpg,EdwinXu,0,147,239,205,275,1
20180118112142942PCB2.jpg,EdwinXu,1,149,288,206,323,1
20180118112142942PCB2.jpg,EdwinXu,2,1,358,25,404,1
20180118112142942PCB2.jpg,EdwinXu,3,46,357,82,406,1
20180118112142942PCB2.jpg,EdwinXu,4,105,356,142,407,1
20180118112142942PCB2.jpg,EdwinXu,5,162,355,197,405,1
20180118112142942PCB20.jpg,EdwinXu,0,157,4,204,41,1
20180118112142942PCB20.jpg,EdwinXu,1,327,2,383,46,1
20180118112142942PCB20.jpg,EdwinXu,2,246,379,304,415,1
20180118112142942PCB20.jpg,EdwinXu,3,347,379,401,416,1
20180118112142942PCB21.jpg,EdwinXu,0,2,378,60,416,1
20180118112142942PCB21.jpg,EdwinXu,1,2,15,25,36,1
20180118112142942PCB21.jpg,EdwinXu,2,132,327,201,392,1
20180118112142942PCB21.jpg,EdwinXu,3,274,376,330,416,1
20180118112142942PCB22.jpg,EdwinXu,0,304,47,342,93,1
20180118112142942PCB22.jpg,EdwinXu,1,361,46,399,98,1
20180118112142942PCB22.jpg,EdwinXu,2,307,220,340,264,1
20180118112142942PCB22.jpg,EdwinXu,3,364,220,397,264,1
20180118112142942PCB22.jpg,EdwinXu,4,118,304,171,367,1
20180118112142942PCB22.jpg,EdwinXu,5,232,304,284,366,1
20180118112142942PCB23.jpg,EdwinXu,0,18,46,54,94,1
20180118112142942PCB23.jpg,EdwinXu,1,78,46,115,94,1
20180118112142942PCB23.jpg,EdwinXu,2,136,46,170,92,1
20180118112142942PCB23.jpg,EdwinXu,3,305,162,371,202,1
20180118112142942PCB23.jpg,EdwinXu,4,308,234,371,273,1
20180118112142942PCB23.jpg,EdwinXu,5,311,310,371,348,1
20180118112142942PCB23.jpg,EdwinXu,6,312,383,374,416,0
20180118112142942PCB23.jpg,EdwinXu,7,21,220,54,264,0
20180118112142942PCB23.jpg,EdwinXu,8,78,221,109,266,0
20180118112142942PCB23.jpg,EdwinXu,9,136,220,170,265,0
20180118112142942PCB24.jpg,EdwinXu,0,221,63,260,100,1
20180118112142942PCB24.jpg,EdwinXu,1,207,165,264,202,1
20180118112142942PCB24.jpg,EdwinXu,2,330,184,374,241,1
20180118112142942PCB24.jpg,EdwinXu,3,206,237,265,273,1
20180118112142942PCB24.jpg,EdwinXu,4,206,382,264,416,1
20180118112142942PCB25.jpg,EdwinXu,0,154,98,199,157,1
20180118112142942PCB25.jpg,EdwinXu,1,238,95,281,155,0
20180118112142942PCB25.jpg,EdwinXu,2,1,185,31,243,1
20180118112142942PCB25.jpg,EdwinXu,3,69,185,115,243,1
20180118112142942PCB25.jpg,EdwinXu,4,266,375,321,416,1
20180118112142942PCB26.jpg,EdwinXu,0,193,378,249,416,1
20180118112142942PCB26.jpg,EdwinXu,1,291,376,346,416,1
20180118112142942PCB27.jpg,EdwinXu,0,139,15,154,31,0
20180118112142942PCB27.jpg,EdwinXu,1,319,13,337,33,0
20180118112142942PCB27.jpg,EdwinXu,2,224,381,278,416,1
20180118112142942PCB27.jpg,EdwinXu,3,316,375,376,416,1
20180118112142942PCB28.jpg,EdwinXu,0,1,375,44,416,1
20180118112142942PCB28.jpg,EdwinXu,1,259,376,316,416,1
20180118112142942PCB29.jpg,EdwinXu,0,145,1,199,60,1
20180118112142942PCB29.jpg,EdwinXu,1,262,3,308,58,0
20180118112142942PCB29.jpg,EdwinXu,2,109,282,168,343,1
20180118112142942PCB29.jpg,EdwinXu,3,288,282,348,345,1
20180118112142942PCB3.jpg,EdwinXu,0,49,205,106,242,1
20180118112142942PCB3.jpg,EdwinXu,1,49,262,107,299,1
20180118112142942PCB3.jpg,EdwinXu,2,21,375,64,415,1
20180118112142942PCB3.jpg,EdwinXu,3,220,203,278,242,0
20180118112142942PCB3.jpg,EdwinXu,4,221,262,277,298,1
20180118112142942PCB3.jpg,EdwinXu,5,249,374,288,412,1
20180118112142942PCB30.jpg,EdwinXu,0,338,4,398,42,1
20180118112142942PCB30.jpg,EdwinXu,1,338,76,398,112,0
20180118112142942PCB30.jpg,EdwinXu,2,339,146,398,183,1
20180118112142942PCB30.jpg,EdwinXu,3,262,340,332,407,1
20180118112142942PCB31.jpg,EdwinXu,0,1,5,57,43,1
20180118112142942PCB31.jpg,EdwinXu,1,1,75,54,110,1
20180118112142942PCB31.jpg,EdwinXu,2,1,147,56,186,1
20180118112142942PCB31.jpg,EdwinXu,3,231,73,292,114,1
20180118112142942PCB31.jpg,EdwinXu,4,231,145,292,185,1
20180118112142942PCB32.jpg,EdwinXu,0,290,70,349,127,1
20180118112142942PCB33.jpg,EdwinXu,0,217,71,276,128,1
20180118112142942PCB33.jpg,EdwinXu,1,316,69,375,128,1
20180118112142942PCB33.jpg,EdwinXu,2,211,339,282,408,1
20180118112142942PCB34.jpg,EdwinXu,0,246,71,304,126,1
20180118112142942PCB34.jpg,EdwinXu,1,342,69,402,128,0
20180118112142942PCB34.jpg,EdwinXu,2,239,340,308,406,1
20180118112142942PCB35.jpg,EdwinXu,0,2,69,59,127,1
20180118112142942PCB35.jpg,EdwinXu,1,274,67,331,125,1
20180118112142942PCB35.jpg,EdwinXu,2,266,337,336,409,1
20180118112142942PCB36.jpg,EdwinXu,0,117,1,171,58,1
20180118112142942PCB36.jpg,EdwinXu,1,232,1,286,56,1
20180118112142942PCB36.jpg,EdwinXu,2,80,279,141,342,1
20180118112142942PCB36.jpg,EdwinXu,3,259,282,321,338,0
20180118112142942PCB37.jpg,EdwinXu,0,312,1,372,38,1
20180118112142942PCB37.jpg,EdwinXu,1,312,74,370,110,0
20180118112142942PCB37.jpg,EdwinXu,2,309,145,370,182,1
20180118112142942PCB37.jpg,EdwinXu,3,234,338,306,404,1
20180118112142942PCB38.jpg,EdwinXu,0,204,71,262,112,1
20180118112142942PCB38.jpg,EdwinXu,1,204,145,265,181,1
20180118112142942PCB38.jpg,EdwinXu,2,86,322,148,383,1
20180118112142942PCB39.jpg,EdwinXu,0,266,67,323,123,1
20180118112142942PCB4.jpg,EdwinXu,0,356,177,397,226,1
20180118112142942PCB40.jpg,EdwinXu,0,52,20,120,84,1
20180118112142942PCB40.jpg,EdwinXu,1,193,68,253,124,1
20180118112142942PCB40.jpg,EdwinXu,2,290,68,349,125,1
20180118112142942PCB40.jpg,EdwinXu,3,183,338,257,404,1
20180118112142942PCB41.jpg,EdwinXu,0,222,70,274,124,1
20180118112142942PCB41.jpg,EdwinXu,1,318,67,377,126,1
20180118112142942PCB41.jpg,EdwinXu,2,211,337,284,405,1
20180118112142942PCB42.jpg,EdwinXu,0,1,69,46,127,1
20180118112142942PCB42.jpg,EdwinXu,1,256,69,316,124,1
20180118112142942PCB42.jpg,EdwinXu,2,252,337,324,405,1
20180118112142942PCB43.jpg,EdwinXu,0,108,1,167,34,1
20180118112142942PCB43.jpg,EdwinXu,1,285,1,349,35,1
20180118112142942PCB43.jpg,EdwinXu,2,104,132,169,195,1
20180118112142942PCB43.jpg,EdwinXu,3,287,133,346,193,1
20180118112142942PCB44.jpg,EdwinXu,0,261,32,331,98,1
20180118112142942PCB44.jpg,EdwinXu,1,79,145,138,205,0
20180118112142942PCB44.jpg,EdwinXu,2,264,374,332,416,1
20180118112142942PCB45.jpg,EdwinXu,0,309,207,376,277,1
20180118112142942PCB45.jpg,EdwinXu,1,313,341,378,395,1
20180118112142942PCB46.jpg,EdwinXu,0,145,206,211,264,1
20180118112142942PCB46.jpg,EdwinXu,1,145,338,211,391,1
20180118112142942PCB47.jpg,EdwinXu,0,210,30,283,102,1
20180118112142942PCB47.jpg,EdwinXu,1,141,232,211,296,1
20180118112142942PCB47.jpg,EdwinXu,2,142,363,211,416,0
20180118112142942PCB47.jpg,EdwinXu,3,316,229,387,296,1
20180118112142942PCB47.jpg,EdwinXu,4,319,364,387,416,0
20180118112142942PCB48.jpg,EdwinXu,0,238,32,308,99,1
20180118112142942PCB48.jpg,EdwinXu,1,1,232,46,297,1
20180118112142942PCB48.jpg,EdwinXu,2,1,366,46,416,0
20180118112142942PCB48.jpg,EdwinXu,3,154,230,226,296,1
20180118112142942PCB48.jpg,EdwinXu,4,155,362,226,416,1
20180118112142942PCB48.jpg,EdwinXu,5,329,230,403,293,1
20180118112142942PCB48.jpg,EdwinXu,6,334,360,402,416,1
20180118112142942PCB49.jpg,EdwinXu,0,271,31,335,98,1
20180118112142942PCB49.jpg,EdwinXu,1,1,229,59,299,1
20180118112142942PCB49.jpg,EdwinXu,2,1,359,59,416,1
20180118112142942PCB5.jpg,EdwinXu,0,14,178,52,223,1
20180118112142942PCB5.jpg,EdwinXu,1,71,178,110,227,1
20180118112142942PCB5.jpg,EdwinXu,2,129,177,168,227,1
20180118112142942PCB5.jpg,EdwinXu,3,187,177,225,228,1
20180118112142942PCB5.jpg,EdwinXu,4,242,176,284,231,1
20180118112142942PCB5.jpg,EdwinXu,5,300,175,340,232,1
20180118112142942PCB50.jpg,EdwinXu,0,80,1,139,33,1
20180118112142942PCB50.jpg,EdwinXu,1,259,1,321,32,1
20180118112142942PCB50.jpg,EdwinXu,2,77,130,140,194,1
20180118112142942PCB50.jpg,EdwinXu,3,261,131,322,192,1
20180118112142942PCB51.jpg,EdwinXu,0,234,32,304,96,1
20180118112142942PCB51.jpg,EdwinXu,1,234,370,308,416,1
20180118112142942PCB52.jpg,EdwinXu,0,84,14,147,77,1
20180118112142942PCB52.jpg,EdwinXu,1,278,204,350,270,1
20180118112142942PCB52.jpg,EdwinXu,2,84,341,144,396,1
20180118112142942PCB52.jpg,EdwinXu,3,282,335,350,392,1
20180118112142942PCB53.jpg,EdwinXu,0,116,203,184,266,1
20180118112142942PCB53.jpg,EdwinXu,1,118,330,186,388,1
20180118112142942PCB54.jpg,EdwinXu,0,187,29,255,96,1
20180118112142942PCB54.jpg,EdwinXu,1,117,230,184,292,1
20180118112142942PCB54.jpg,EdwinXu,2,293,228,361,290,0
20180118112142942PCB54.jpg,EdwinXu,3,117,358,187,411,1
20180118112142942PCB54.jpg,EdwinXu,4,291,357,361,416,0
20180118112142942PCB55.jpg,EdwinXu,0,211,30,285,98,1
20180118112142942PCB55.jpg,EdwinXu,1,127,227,199,291,1
20180118112142942PCB55.jpg,EdwinXu,2,306,228,374,290,0
20180118112142942PCB55.jpg,EdwinXu,3,131,359,202,416,1
20180118112142942PCB55.jpg,EdwinXu,4,308,357,377,416,1
20180118112142942PCB56.jpg,EdwinXu,0,253,27,322,97,1
20180118112142942PCB56.jpg,EdwinXu,1,1,231,47,291,1
20180118112142942PCB56.jpg,EdwinXu,2,1,362,46,416,1
20180118112142942PCB59.jpg,EdwinXu,0,310,28,379,88,0
20180118112142942PCB6.jpg,EdwinXu,0,150,309,204,355,1
20180118112142942PCB6.jpg,EdwinXu,1,327,310,386,358,1
20180118112142942PCB60.jpg,EdwinXu,0,141,30,214,85,1
20180118112142942PCB60.jpg,EdwinXu,1,357,370,397,409,1
20180118112142942PCB61.jpg,EdwinXu,0,142,56,215,109,0
20180118112142942PCB61.jpg,EdwinXu,1,319,56,389,108,0
20180118112142942PCB61.jpg,EdwinXu,2,19,374,53,407,1
20180118112142942PCB61.jpg,EdwinXu,3,75,369,113,409,0
20180118112142942PCB61.jpg,EdwinXu,4,131,371,168,406,1
20180118112142942PCB61.jpg,EdwinXu,5,187,369,225,405,1
20180118112142942PCB61.jpg,EdwinXu,6,242,367,284,409,1
20180118112142942PCB61.jpg,EdwinXu,7,303,369,341,410,1
20180118112142942PCB62.jpg,EdwinXu,0,1,58,45,110,0
20180118112142942PCB62.jpg,EdwinXu,1,155,51,229,110,1
20180118112142942PCB62.jpg,EdwinXu,2,333,50,406,111,1
20180118112142942PCB63.jpg,EdwinXu,0,1,54,62,112,1
20180118112142942PCB66.jpg,EdwinXu,0,281,29,351,85,1
20180118112142942PCB67.jpg,EdwinXu,0,118,26,187,83,1
20180118112142942PCB67.jpg,EdwinXu,1,333,370,372,408,0
20180118112142942PCB67.jpg,EdwinXu,2,395,370,416,409,1
20180118112142942PCB68.jpg,EdwinXu,0,113,53,185,107,0
20180118112142942PCB68.jpg,EdwinXu,1,292,53,363,110,0
20180118112142942PCB68.jpg,EdwinXu,2,1,372,29,413,0
20180118112142942PCB68.jpg,EdwinXu,3,49,368,86,415,1
20180118112142942PCB68.jpg,EdwinXu,4,102,369,145,413,1
20180118112142942PCB68.jpg,EdwinXu,5,162,367,198,410,1
20180118112142942PCB68.jpg,EdwinXu,6,219,368,257,412,0
20180118112142942PCB68.jpg,EdwinXu,7,277,367,314,409,1
20180118112142942PCB69.jpg,EdwinXu,0,128,50,203,108,1
20180118112142942PCB69.jpg,EdwinXu,1,307,51,379,110,1
20180118112142942PCB7.jpg,EdwinXu,0,1,311,43,362,1
20180118112142942PCB70.jpg,EdwinXu,0,1,58,47,112,1
20180118112142942PCB71.jpg,EdwinXu,0,334,242,369,288,1
20180118112142942PCB71.jpg,EdwinXu,1,389,240,416,291,1
20180118112142942PCB72.jpg,EdwinXu,0,151,129,206,159,1
20180118112142942PCB72.jpg,EdwinXu,1,152,176,205,202,0
20180118112142942PCB72.jpg,EdwinXu,2,1,242,24,287,1
20180118112142942PCB72.jpg,EdwinXu,3,45,241,84,289,1
20180118112142942PCB72.jpg,EdwinXu,4,104,241,141,288,1
20180118112142942PCB72.jpg,EdwinXu,5,162,240,197,286,1
20180118112142942PCB72.jpg,EdwinXu,6,339,360,396,395,1
20180118112142942PCB73.jpg,EdwinXu,0,47,89,103,123,1
20180118112142942PCB73.jpg,EdwinXu,1,222,88,277,125,1
20180118112142942PCB73.jpg,EdwinXu,2,52,151,104,182,1
20180118112142942PCB73.jpg,EdwinXu,3,224,147,277,182,1
20180118112142942PCB73.jpg,EdwinXu,4,23,260,65,296,1
20180118112142942PCB73.jpg,EdwinXu,5,251,257,289,295,1
20180118112142942PCB73.jpg,EdwinXu,6,1,357,52,396,1
20180118112142942PCB73.jpg,EdwinXu,7,234,359,289,394,1
20180118112142942PCB73.jpg,EdwinXu,8,358,377,402,416,1
20180118112142942PCB74.jpg,EdwinXu,0,370,83,384,98,1
20180118112142942PCB74.jpg,EdwinXu,1,182,292,224,352,1
20180118112142942PCB74.jpg,EdwinXu,2,263,291,307,351,1
20180118112142942PCB74.jpg,EdwinXu,3,16,378,61,416,1
20180118112142942PCB74.jpg,EdwinXu,4,94,380,142,416,0
20180118112142942PCB75.jpg,EdwinXu,0,19,63,52,107,1
20180118112142942PCB75.jpg,EdwinXu,1,74,62,111,108,0
20180118112142942PCB75.jpg,EdwinXu,2,130,62,166,107,1
20180118112142942PCB75.jpg,EdwinXu,3,187,61,224,107,1
20180118112142942PCB75.jpg,EdwinXu,4,247,58,284,107,1
20180118112142942PCB75.jpg,EdwinXu,5,301,60,341,108,1
20180118112142942PCB76.jpg,EdwinXu,0,150,194,206,240,1
20180118112142942PCB76.jpg,EdwinXu,1,327,198,385,238,1
20180118112142942PCB77.jpg,EdwinXu,0,1,201,44,240,1
20180118112142942PCB78.jpg,EdwinXu,0,306,238,341,284,1
20180118112142942PCB78.jpg,EdwinXu,1,363,238,399,285,1
20180118112142942PCB79.jpg,EdwinXu,0,122,125,179,158,1
20180118112142942PCB79.jpg,EdwinXu,1,124,173,182,202,1
20180118112142942PCB79.jpg,EdwinXu,2,370,84,416,122,1
20180118112142942PCB79.jpg,EdwinXu,3,367,142,416,180,1
20180118112142942PCB79.jpg,EdwinXu,4,21,238,55,285,1
20180118112142942PCB79.jpg,EdwinXu,5,76,238,116,287,1
20180118112142942PCB79.jpg,EdwinXu,6,137,240,172,287,1
20180118112142942PCB79.jpg,EdwinXu,7,309,355,372,390,0
20180118112142942PCB80.jpg,EdwinXu,0,25,87,76,122,1
20180118112142942PCB80.jpg,EdwinXu,1,198,87,250,122,1
20180118112142942PCB80.jpg,EdwinXu,2,26,145,76,178,1
20180118112142942PCB80.jpg,EdwinXu,3,199,147,250,180,1
20180118112142942PCB80.jpg,EdwinXu,4,1,259,32,292,1
20180118112142942PCB80.jpg,EdwinXu,5,224,259,262,288,1
20180118112142942PCB80.jpg,EdwinXu,6,1,358,29,396,1
20180118112142942PCB80.jpg,EdwinXu,7,207,358,266,393,0
20180118112142942PCB80.jpg,EdwinXu,8,330,379,376,416,1
20180118112142942PCB81.jpg,EdwinXu,0,156,290,201,349,1
20180118112142942PCB81.jpg,EdwinXu,1,237,291,282,352,1
20180118112142942PCB81.jpg,EdwinXu,2,1,375,34,416,1
20180118112142942PCB81.jpg,EdwinXu,3,66,378,115,416,1
20180118112142942PCB82.jpg,EdwinXu,0,1,60,27,110,0
20180118112142942PCB82.jpg,EdwinXu,1,47,60,84,110,0
20180118112142942PCB82.jpg,EdwinXu,2,106,61,144,113,1
20180118112142942PCB82.jpg,EdwinXu,3,163,58,198,107,1
20180118112142942PCB82.jpg,EdwinXu,4,221,58,258,113,0
20180118112142942PCB82.jpg,EdwinXu,5,277,59,314,104,1
20180118112142942PCB83.jpg,EdwinXu,0,124,195,179,232,1
20180118112142942PCB83.jpg,EdwinXu,1,299,195,356,239,1
20180118112142942PCB84.jpg,EdwinXu,0,1,195,30,243,1
20180118112142942PCB85.jpg,EdwinXu,0,336,107,369,148,1
20180118112142942PCB85.jpg,EdwinXu,1,392,107,416,148,1
20180118112142942PCB85.jpg,EdwinXu,2,150,192,198,249,1
20180118112142942PCB85.jpg,EdwinXu,3,259,192,312,250,1
20180118112142942PCB86.jpg,EdwinXu,0,337,48,396,88,1
20180118112142942PCB86.jpg,EdwinXu,1,1,105,23,148,1
20180118112142942PCB86.jpg,EdwinXu,2,50,107,82,150,1
20180118112142942PCB86.jpg,EdwinXu,3,106,105,139,148,1
20180118112142942PCB86.jpg,EdwinXu,4,164,105,197,152,1
20180118112142942PCB86.jpg,EdwinXu,5,337,119,400,162,1
20180118112142942PCB86.jpg,EdwinXu,6,336,194,399,233,1
20180118112142942PCB86.jpg,EdwinXu,7,340,266,397,306,1
20180118112142942PCB86.jpg,EdwinXu,8,337,338,399,379,1
20180118112142942PCB87.jpg,EdwinXu,0,1,51,54,88,1
20180118112142942PCB87.jpg,EdwinXu,1,234,50,291,86,1
20180118112142942PCB87.jpg,EdwinXu,2,1,122,55,158,1
20180118112142942PCB87.jpg,EdwinXu,3,235,123,292,159,1
20180118112142942PCB87.jpg,EdwinXu,4,1,195,56,236,1
20180118112142942PCB87.jpg,EdwinXu,5,2,268,56,305,1
20180118112142942PCB87.jpg,EdwinXu,6,232,266,293,306,1
20180118112142942PCB87.jpg,EdwinXu,7,2,338,56,380,1
20180118112142942PCB87.jpg,EdwinXu,8,229,339,294,377,1
20180118112142942PCB87.jpg,EdwinXu,9,359,68,402,131,1
20180118112142942PCB88.jpg,EdwinXu,0,14,72,59,130,1
20180118112142942PCB88.jpg,EdwinXu,1,96,71,142,129,0
20180118112142942PCB88.jpg,EdwinXu,2,180,1,224,39,1
20180118112142942PCB88.jpg,EdwinXu,3,265,1,309,41,1
20180118112142942PCB88.jpg,EdwinXu,4,294,263,349,318,1
20180118112142942PCB89.jpg,EdwinXu,0,82,217,144,271,1
20180118112142942PCB89.jpg,EdwinXu,1,222,263,274,319,1
20180118112142942PCB89.jpg,EdwinXu,2,316,262,373,315,1
20180118112142942PCB9.jpg,EdwinXu,0,122,240,177,272,1
20180118112142942PCB9.jpg,EdwinXu,1,125,288,181,318,1
20180118112142942PCB9.jpg,EdwinXu,2,366,200,416,237,1
20180118112142942PCB9.jpg,EdwinXu,3,366,258,415,293,1
20180118112142942PCB9.jpg,EdwinXu,4,18,355,56,400,1
20180118112142942PCB9.jpg,EdwinXu,5,78,355,113,402,1
20180118112142942PCB9.jpg,EdwinXu,6,136,354,169,400,1
20180118112142942PCB9.jpg,EdwinXu,7,340,371,377,406,1
20180118112142942PCB90.jpg,EdwinXu,0,107,214,172,277,1
20180118112142942PCB90.jpg,EdwinXu,1,249,266,307,318,1
20180118112142942PCB90.jpg,EdwinXu,2,344,265,403,316,1
20180118112142942PCB91.jpg,EdwinXu,0,4,262,60,318,1
20180118112142942PCB91.jpg,EdwinXu,1,136,213,201,272,1
20180118112142942PCB91.jpg,EdwinXu,2,272,262,331,317,1
20180118112142942PCB92.jpg,EdwinXu,0,306,106,341,148,1
20180118112142942PCB92.jpg,EdwinXu,1,362,103,400,148,1
20180118112142942PCB92.jpg,EdwinXu,2,119,190,171,250,1
20180118112142942PCB92.jpg,EdwinXu,3,232,188,282,246,1
20180118112142942PCB93.jpg,EdwinXu,0,22,104,56,148,1
20180118112142942PCB93.jpg,EdwinXu,1,77,105,114,148,1
20180118112142942PCB93.jpg,EdwinXu,2,135,104,171,150,1
20180118112142942PCB93.jpg,EdwinXu,3,312,47,370,85,0
20180118112142942PCB93.jpg,EdwinXu,4,312,120,374,155,1
20180118112142942PCB93.jpg,EdwinXu,5,311,194,372,229,1
20180118112142942PCB93.jpg,EdwinXu,6,314,266,370,302,0
20180118112142942PCB93.jpg,EdwinXu,7,311,338,373,374,0
20180118112142942PCB94.jpg,EdwinXu,0,206,47,264,86,0
20180118112142942PCB94.jpg,EdwinXu,1,207,122,264,157,1
20180118112142942PCB94.jpg,EdwinXu,2,206,265,265,302,1
20180118112142942PCB94.jpg,EdwinXu,3,204,337,263,375,1
20180118112142942PCB94.jpg,EdwinXu,4,332,70,377,127,1
20180118112142942PCB95.jpg,EdwinXu,0,155,1,198,42,1
20180118112142942PCB95.jpg,EdwinXu,1,237,1,283,40,1
20180118112142942PCB95.jpg,EdwinXu,2,1,68,33,126,1
20180118112142942PCB95.jpg,EdwinXu,3,70,70,114,125,1
20180118112142942PCB95.jpg,EdwinXu,4,268,262,322,316,1
20180118112142942PCB96.jpg,EdwinXu,0,55,213,121,275,1
20180118112142942PCB96.jpg,EdwinXu,1,191,262,249,313,1
20180118112142942PCB96.jpg,EdwinXu,2,291,261,349,316,1
20180118112142942PCB97.jpg,EdwinXu,0,79,213,150,272,1
20180118112142942PCB97.jpg,EdwinXu,1,222,262,277,315,1
20180118112142942PCB97.jpg,EdwinXu,2,317,262,376,317,1
20180118112142942PCB98.jpg,EdwinXu,0,1,261,45,317,1
20180118112142942PCB98.jpg,EdwinXu,1,118,212,189,273,1
20180118112142942PCB98.jpg,EdwinXu,2,259,261,318,318,1
20180118112142942PCB99.jpg,EdwinXu,0,111,169,165,224,1
20180118112142942PCB99.jpg,EdwinXu,1,289,168,347,223,1
20180118112142942PCB99.jpg,EdwinXu,2,105,323,167,384,1
20180118112142942PCB99.jpg,EdwinXu,3,291,325,347,382,1
20180119081031138PCB10.jpg,EdwinXu,0,92,316,161,374,1
20180119081031138PCB10.jpg,EdwinXu,1,291,324,357,376,0
20180119081031138PCB103.jpg,EdwinXu,0,58,43,110,113,1
20180119081031138PCB103.jpg,EdwinXu,1,147,290,200,355,1
20180119081031138PCB103.jpg,EdwinXu,2,271,289,326,355,1
20180119081031138PCB105.jpg,EdwinXu,0,297,253,355,297,1
20180119081031138PCB105.jpg,EdwinXu,1,295,310,357,352,1
20180119081031138PCB105.jpg,EdwinXu,2,296,365,355,413,1
20180119081031138PCB106.jpg,EdwinXu,0,102,127,168,189,1
20180119081031138PCB11.jpg,EdwinXu,0,132,315,198,368,1
20180119081031138PCB111.jpg,EdwinXu,0,113,285,162,352,1
20180119081031138PCB111.jpg,EdwinXu,1,230,282,287,348,1
20180119081031138PCB113.jpg,EdwinXu,0,333,32,392,72,1
20180119081031138PCB113.jpg,EdwinXu,1,335,87,391,132,1
20180119081031138PCB114.jpg,EdwinXu,0,312,177,357,223,1
20180119081031138PCB114.jpg,EdwinXu,1,373,170,416,233,1
20180119081031138PCB115.jpg,EdwinXu,0,16,167,65,234,1
20180119081031138PCB116.jpg,EdwinXu,0,148,112,196,178,1
20180119081031138PCB116.jpg,EdwinXu,1,83,120,133,173,1
20180119081031138PCB116.jpg,EdwinXu,2,314,127,367,172,1
20180119081031138PCB116.jpg,EdwinXu,3,381,126,416,173,1
20180119081031138PCB117.jpg,EdwinXu,0,28,126,73,171,1
20180119081031138PCB117.jpg,EdwinXu,1,85,125,140,177,1
20180119081031138PCB117.jpg,EdwinXu,2,152,117,198,181,1
20180119081031138PCB118.jpg,EdwinXu,0,282,149,337,214,1
20180119081031138PCB119.jpg,EdwinXu,0,52,150,102,214,1
20180119081031138PCB119.jpg,EdwinXu,1,147,6,198,70,1
20180119081031138PCB119.jpg,EdwinXu,2,273,5,325,68,1
20180119081031138PCB12.jpg,EdwinXu,0,318,313,397,373,1
20180119081031138PCB12.jpg,EdwinXu,1,70,185,143,257,0
20180119081031138PCB121.jpg,EdwinXu,0,296,27,354,67,1
20180119081031138PCB121.jpg,EdwinXu,1,298,82,355,125,1
20180119081031138PCB122.jpg,EdwinXu,0,273,173,319,218,1
20180119081031138PCB122.jpg,EdwinXu,1,335,161,380,227,1
20180119081031138PCB124.jpg,EdwinXu,0,48,113,91,160,1
20180119081031138PCB124.jpg,EdwinXu,1,112,107,158,170,1
20180119081031138PCB124.jpg,EdwinXu,2,278,122,329,168,1
20180119081031138PCB124.jpg,EdwinXu,3,344,118,387,165,1
20180119081031138PCB125.jpg,EdwinXu,0,114,110,161,173,1
20180119081031138PCB125.jpg,EdwinXu,1,52,116,98,169,1
20180119081031138PCB125.jpg,EdwinXu,2,1,117,38,168,1
20180119081031138PCB126.jpg,EdwinXu,0,243,143,298,207,1
20180119081031138PCB126.jpg,EdwinXu,1,370,144,416,207,1
20180119081031138PCB13.jpg,EdwinXu,0,176,203,252,274,1
20180119081031138PCB14.jpg,EdwinXu,0,161,237,231,306,1
20180119081031138PCB14.jpg,EdwinXu,1,338,239,402,302,1
20180119081031138PCB15.jpg,EdwinXu,0,1,238,47,302,1
20180119081031138PCB15.jpg,EdwinXu,1,104,197,185,275,1
20180119081031138PCB18.jpg,EdwinXu,0,133,30,201,88,1
20180119081031138PCB18.jpg,EdwinXu,1,328,32,395,88,1
20180119081031138PCB18.jpg,EdwinXu,2,174,284,253,363,1
20180119081031138PCB19.jpg,EdwinXu,0,166,32,239,88,1
20180119081031138PCB19.jpg,EdwinXu,1,225,289,299,363,1
20180119081031138PCB2.jpg,EdwinXu,0,129,318,201,376,1
20180119081031138PCB2.jpg,EdwinXu,1,331,322,395,377,1
20180119081031138PCB20.jpg,EdwinXu,0,116,103,185,171,1
20180119081031138PCB20.jpg,EdwinXu,1,356,33,416,87,1
20180119081031138PCB20.jpg,EdwinXu,2,356,172,416,222,1
20180119081031138PCB21.jpg,EdwinXu,0,4,33,82,88,1
20180119081031138PCB21.jpg,EdwinXu,1,4,170,82,223,1
20180119081031138PCB21.jpg,EdwinXu,2,214,290,294,369,0
20180119081031138PCB22.jpg,EdwinXu,0,206,155,266,220,1
20180119081031138PCB22.jpg,EdwinXu,1,376,157,416,220,1
20180119081031138PCB23.jpg,EdwinXu,0,19,155,86,220,1
20180119081031138PCB23.jpg,EdwinXu,1,139,288,221,363,1
20180119081031138PCB23.jpg,EdwinXu,2,336,234,386,301,1
20180119081031138PCB24.jpg,EdwinXu,0,102,230,154,299,1
20180119081031138PCB25.jpg,EdwinXu,0,92,283,167,358,0
20180119081031138PCB26.jpg,EdwinXu,0,94,25,164,80,1
20180119081031138PCB26.jpg,EdwinXu,1,290,31,359,87,1
20180119081031138PCB27.jpg,EdwinXu,0,133,21,199,83,1
20180119081031138PCB28.jpg,EdwinXu,0,74,92,146,166,1
20180119081031138PCB28.jpg,EdwinXu,1,319,25,397,85,1
20180119081031138PCB28.jpg,EdwinXu,2,316,162,399,220,1
20180119081031138PCB29.jpg,EdwinXu,0,176,283,256,363,1
20180119081031138PCB3.jpg,EdwinXu,0,168,320,240,378,1
20180119081031138PCB30.jpg,EdwinXu,0,159,150,229,212,1
20180119081031138PCB30.jpg,EdwinXu,1,337,148,405,215,1
20180119081031138PCB31.jpg,EdwinXu,0,1,145,49,215,1
20180119081031138PCB31.jpg,EdwinXu,1,106,281,183,355,1
20180119081031138PCB31.jpg,EdwinXu,2,294,223,347,295,1
20180119081031138PCB33.jpg,EdwinXu,0,135,305,199,369,0
20180119081031138PCB34.jpg,EdwinXu,0,185,305,247,367,1
20180119081031138PCB34.jpg,EdwinXu,1,82,307,139,368,0
20180119081031138PCB35.jpg,EdwinXu,0,227,1,300,72,1
20180119081031138PCB35.jpg,EdwinXu,1,126,305,187,366,1
20180119081031138PCB35.jpg,EdwinXu,2,227,302,291,369,1
20180119081031138PCB36.jpg,EdwinXu,0,174,303,236,367,1
20180119081031138PCB36.jpg,EdwinXu,1,357,125,416,182,1
20180119081031138PCB36.jpg,EdwinXu,2,358,259,416,317,1
20180119081031138PCB37.jpg,EdwinXu,0,214,1,292,75,1
20180119081031138PCB37.jpg,EdwinXu,1,1,130,84,177,1
20180119081031138PCB37.jpg,EdwinXu,2,3,261,86,317,1
20180119081031138PCB39.jpg,EdwinXu,0,142,1,221,75,1
20180119081031138PCB39.jpg,EdwinXu,1,74,220,126,285,1
20180119081031138PCB39.jpg,EdwinXu,2,199,223,251,287,1
20180119081031138PCB4.jpg,EdwinXu,0,114,197,179,259,0
20180119081031138PCB4.jpg,EdwinXu,1,356,321,416,376,1
20180119081031138PCB40.jpg,EdwinXu,0,4,372,42,416,1
20180119081031138PCB40.jpg,EdwinXu,1,60,371,106,416,1
20180119081031138PCB40.jpg,EdwinXu,2,125,375,170,416,1
20180119081031138PCB42.jpg,EdwinXu,0,145,297,208,362,1
20180119081031138PCB42.jpg,EdwinXu,1,43,300,102,359,0
20180119081031138PCB43.jpg,EdwinXu,0,87,295,148,359,1
20180119081031138PCB43.jpg,EdwinXu,1,189,297,254,362,1
20180119081031138PCB44.jpg,EdwinXu,0,323,118,400,176,1
20180119081031138PCB44.jpg,EdwinXu,1,321,255,401,313,1
20180119081031138PCB44.jpg,EdwinXu,2,134,296,200,361,1
20180119081031138PCB45.jpg,EdwinXu,0,175,2,258,73,1
20180119081031138PCB47.jpg,EdwinXu,0,103,1,183,65,1
20180119081031138PCB47.jpg,EdwinXu,1,35,216,90,276,1
20180119081031138PCB47.jpg,EdwinXu,2,165,215,214,280,1
20180119081031138PCB48.jpg,EdwinXu,0,25,364,67,416,1
20180119081031138PCB48.jpg,EdwinXu,1,89,364,130,416,1
20180119081031138PCB49.jpg,EdwinXu,0,114,359,198,416,1
20180119081031138PCB5.jpg,EdwinXu,0,1,319,83,376,1
20180119081031138PCB5.jpg,EdwinXu,1,211,207,293,285,1
20180119081031138PCB50.jpg,EdwinXu,0,184,16,245,77,1
20180119081031138PCB50.jpg,EdwinXu,1,140,293,202,355,1
20180119081031138PCB50.jpg,EdwinXu,2,83,17,143,77,0
20180119081031138PCB51.jpg,EdwinXu,0,126,13,187,79,1
20180119081031138PCB51.jpg,EdwinXu,1,231,15,294,75,1
20180119081031138PCB51.jpg,EdwinXu,2,75,288,149,360,1
20180119081031138PCB52.jpg,EdwinXu,0,172,13,235,77,1
20180119081031138PCB56.jpg,EdwinXu,0,1,82,40,135,1
20180119081031138PCB56.jpg,EdwinXu,1,60,84,106,137,1
20180119081031138PCB56.jpg,EdwinXu,2,122,84,170,137,1
20180119081031138PCB56.jpg,EdwinXu,3,68,275,103,323,1
20180119081031138PCB56.jpg,EdwinXu,4,130,272,167,328,1
20180119081031138PCB57.jpg,EdwinXu,0,74,352,162,415,1
20180119081031138PCB57.jpg,EdwinXu,1,95,10,163,75,0
20180119081031138PCB57.jpg,EdwinXu,2,26,255,102,333,0
20180119081031138PCB58.jpg,EdwinXu,0,144,10,212,72,1
20180119081031138PCB58.jpg,EdwinXu,1,101,292,168,350,1
20180119081031138PCB58.jpg,EdwinXu,2,45,12,102,73,0
20180119081031138PCB59.jpg,EdwinXu,0,86,8,150,72,1
20180119081031138PCB59.jpg,EdwinXu,1,188,7,257,73,1
20180119081031138PCB6.jpg,EdwinXu,0,199,243,266,310,1
20180119081031138PCB60.jpg,EdwinXu,0,134,7,197,70,1
20180119081031138PCB63.jpg,EdwinXu,0,316,80,360,129,1
20180119081031138PCB63.jpg,EdwinXu,1,377,79,415,128,1
20180119081031138PCB64.jpg,EdwinXu,0,25,77,67,132,1
20180119081031138PCB64.jpg,EdwinXu,1,87,78,130,128,1
20180119081031138PCB64.jpg,EdwinXu,2,31,265,70,317,1
20180119081031138PCB64.jpg,EdwinXu,3,91,266,135,322,1
20180119081031138PCB65.jpg,EdwinXu,0,112,70,200,135,1
20180119081031138PCB65.jpg,EdwinXu,1,112,170,200,235,1
20180119081031138PCB66.jpg,EdwinXu,0,82,149,160,219,1
20180119081031138PCB66.jpg,EdwinXu,1,140,301,203,362,1
20180119081031138PCB66.jpg,EdwinXu,2,140,5,203,68,1
20180119081031138PCB7.jpg,EdwinXu,0,22,245,87,308,1
20180119081031138PCB7.jpg,EdwinXu,1,142,203,221,282,1
20180119081031138PCB70.jpg,EdwinXu,0,312,123,361,195,1
20180119081031138PCB71.jpg,EdwinXu,0,58,127,108,200,1
20180119081031138PCB71.jpg,EdwinXu,1,254,123,305,194,1
20180119081031138PCB72.jpg,EdwinXu,0,188,49,248,115,1
20180119081031138PCB72.jpg,EdwinXu,1,203,215,240,277,1
20180119081031138PCB72.jpg,EdwinXu,2,263,217,302,275,1
20180119081031138PCB73.jpg,EdwinXu,0,77,63,160,128,1
20180119081031138PCB73.jpg,EdwinXu,1,73,164,162,227,1
20180119081031138PCB74.jpg,EdwinXu,0,100,1,161,60,1
20180119081031138PCB74.jpg,EdwinXu,1,101,295,167,358,1
20180119081031138PCB75.jpg,EdwinXu,0,35,2,115,67,1
20180119081031138PCB75.jpg,EdwinXu,1,40,288,115,365,1
20180119081031138PCB78.jpg,EdwinXu,0,273,120,325,189,1
20180119081031138PCB78.jpg,EdwinXu,1,375,118,416,192,1
20180119081031138PCB79.jpg,EdwinXu,0,222,117,263,188,1
20180119081031138PCB79.jpg,EdwinXu,1,24,118,68,192,1
20180119081031138PCB80.jpg,EdwinXu,0,162,208,203,272,1
20180119081031138PCB80.jpg,EdwinXu,1,225,208,266,269,1
20180119081031138PCB80.jpg,EdwinXu,2,150,46,212,106,1
20180119081031138PCB81.jpg,EdwinXu,0,327,224,403,275,1
20180119081031138PCB82.jpg,EdwinXu,0,141,125,203,186,1
20180119081031138PCB82.jpg,EdwinXu,1,141,13,202,77,1
20180119081031138PCB83.jpg,EdwinXu,0,79,7,154,80,1
20180119081031138PCB83.jpg,EdwinXu,1,74,117,152,191,1
20180119081031138PCB89.jpg,EdwinXu,0,213,317,293,380,1
20180119081031138PCB89.jpg,EdwinXu,1,289,218,365,271,1
20180119081031138PCB90.jpg,EdwinXu,0,103,8,166,70,1
20180119081031138PCB90.jpg,EdwinXu,1,101,118,166,182,1
20180119081031138PCB91.jpg,EdwinXu,0,41,1,115,76,1
20180119081031138PCB91.jpg,EdwinXu,1,43,110,112,185,1
20180119081031138PCB96.jpg,EdwinXu,0,223,107,270,172,1
20180119081031138PCB96.jpg,EdwinXu,1,163,110,204,168,1
20180119081031138PCB97.jpg,EdwinXu,0,256,33,333,94,1
20180119081031138PCB97.jpg,EdwinXu,1,249,131,332,197,1
20180119081031138PCB97.jpg,EdwinXu,2,335,257,391,302,1
20180119081031138PCB97.jpg,EdwinXu,3,333,316,394,358,1
20180119081031138PCB97.jpg,EdwinXu,4,335,371,392,416,1
20180119081031138PCB98.jpg,EdwinXu,0,138,132,205,197,1
20180119081031138PCB99.jpg,EdwinXu,0,80,127,157,202,1
20180119081545246PCB10.jpg,EdwinXu,0,96,314,159,369,1
20180119081545246PCB10.jpg,EdwinXu,1,292,315,355,371,1
20180119081545246PCB101.jpg,Shenfei,0,339,26,396,58,1
20180119081545246PCB101.jpg,Shenfei,1,292,258,329,295,1
20180119081545246PCB102.jpg,Shenfei,0,315,44,361,115,1
20180119081545246PCB103.jpg,EdwinXu,0,60,43,106,113,1
20180119081545246PCB103.jpg,EdwinXu,1,147,290,199,354,1
20180119081545246PCB103.jpg,EdwinXu,2,272,288,324,354,1
20180119081545246PCB104.jpg,EdwinXu,0,174,36,227,71,1
20180119081545246PCB104.jpg,EdwinXu,1,176,98,227,135,1
20180119081545246PCB104.jpg,EdwinXu,2,176,161,227,200,1
20180119081545246PCB105.jpg,EdwinXu,0,210,29,296,88,1
20180119081545246PCB105.jpg,EdwinXu,1,204,126,294,190,1
20180119081545246PCB105.jpg,EdwinXu,2,296,253,355,296,1
20180119081545246PCB105.jpg,EdwinXu,3,294,310,353,353,1
20180119081545246PCB105.jpg,EdwinXu,4,296,368,355,410,1
20180119081545246PCB106.jpg,Leilei,0,100,129,165,191,1
20180119081545246PCB107.jpg,Leilei,0,38,122,117,197,1
20180119081545246PCB107.jpg,Leilei,1,57,224,102,271,1
20180119081545246PCB107.jpg,Leilei,2,202,1,232,52,1
20180119081545246PCB107.jpg,Leilei,3,252,1,287,52,1
20180119081545246PCB109.jpg,EdwinXu,0,305,20,359,53,1
20180119081545246PCB109.jpg,EdwinXu,1,252,247,294,288,1
20180119081545246PCB11.jpg,Shenfei,0,134,315,197,368,1
20180119081545246PCB110.jpg,Shenfei,0,276,38,324,107,1
20180119081545246PCB110.jpg,Shenfei,1,377,35,416,105,1
20180119081545246PCB111.jpg,Leilei,0,21,37,69,107,1
20180119081545246PCB111.jpg,Leilei,1,110,285,162,347,1
20180119081545246PCB111.jpg,Leilei,2,234,283,287,347,1
20180119081545246PCB112.jpg,EdwinXu,0,137,27,191,67,1
20180119081545246PCB112.jpg,EdwinXu,1,138,92,190,130,1
20180119081545246PCB112.jpg,EdwinXu,2,140,157,186,190,1
20180119081545246PCB113.jpg,Leilei,0,332,33,391,73,1
20180119081545246PCB113.jpg,Leilei,1,333,86,392,133,1
20180119081545246PCB114.jpg,Leilei,0,127,133,172,181,1
20180119081545246PCB114.jpg,Leilei,1,311,182,354,225,1
20180119081545246PCB114.jpg,Leilei,2,372,167,416,233,1
20180119081545246PCB115.jpg,EdwinXu,0,17,167,63,234,1
20180119081545246PCB116.jpg,Leilei,0,84,122,127,167,1
20180119081545246PCB116.jpg,Leilei,1,147,111,193,177,1
20180119081545246PCB116.jpg,Leilei,2,316,129,362,172,1
20180119081545246PCB116.jpg,Leilei,3,379,126,416,169,1
20180119081545246PCB117.jpg,Leilei,0,21,125,72,172,1
20180119081545246PCB117.jpg,Leilei,1,88,124,138,175,1
20180119081545246PCB117.jpg,Leilei,2,151,117,197,184,1
20180119081545246PCB117.jpg,Leilei,3,291,223,331,261,1
20180119081545246PCB118.jpg,Leilei,0,283,150,334,213,1
20180119081545246PCB119.jpg,Leilei,0,147,7,199,71,1
20180119081545246PCB119.jpg,Leilei,1,272,5,322,70,1
20180119081545246PCB119.jpg,Leilei,2,51,152,104,212,1
20180119081545246PCB12.jpg,EdwinXu,0,72,188,146,255,0
20180119081545246PCB12.jpg,EdwinXu,1,323,315,394,372,1
20180119081545246PCB121.jpg,EdwinXu,0,297,25,354,66,1
20180119081545246PCB121.jpg,EdwinXu,1,297,83,354,127,1
20180119081545246PCB122.jpg,Shenfei,0,88,130,131,173,1
20180119081545246PCB122.jpg,Shenfei,1,272,173,316,217,1
20180119081545246PCB122.jpg,Shenfei,2,333,163,382,227,1
20180119081545246PCB123.jpg,Shenfei,0,173,113,219,161,1
20180119081545246PCB124.jpg,EdwinXu,0,46,111,96,167,1
20180119081545246PCB124.jpg,EdwinXu,1,111,105,156,170,1
20180119081545246PCB124.jpg,EdwinXu,2,275,119,329,171,1
20180119081545246PCB124.jpg,EdwinXu,3,341,116,390,166,1
20180119081545246PCB125.jpg,EdwinXu,0,1,116,36,168,1
20180119081545246PCB125.jpg,EdwinXu,1,49,118,97,168,1
20180119081545246PCB125.jpg,EdwinXu,2,115,112,161,175,1
20180119081545246PCB125.jpg,EdwinXu,3,256,216,294,255,1
20180119081545246PCB126.jpg,Shenfei,0,242,142,295,207,1
20180119081545246PCB126.jpg,Shenfei,1,369,144,416,207,1
20180119081545246PCB127.jpg,EdwinXu,0,109,1,161,62,1
20180119081545246PCB127.jpg,EdwinXu,1,233,1,286,61,1
20180119081545246PCB127.jpg,EdwinXu,2,10,145,66,207,1
20180119081545246PCB13.jpg,Leilei,0,177,202,254,280,1
20180119081545246PCB13.jpg,Leilei,1,327,246,394,311,1
20180119081545246PCB14.jpg,EdwinXu,0,1,245,41,314,1
20180119081545246PCB14.jpg,EdwinXu,1,161,237,226,303,1
20180119081545246PCB14.jpg,EdwinXu,2,339,238,404,305,1
20180119081545246PCB15.jpg,EdwinXu,0,1,236,47,303,1
20180119081545246PCB15.jpg,EdwinXu,1,102,197,184,274,1
20180119081545246PCB18.jpg,EdwinXu,0,134,31,197,84,1
20180119081545246PCB18.jpg,EdwinXu,1,331,36,393,88,1
20180119081545246PCB18.jpg,EdwinXu,2,175,285,252,361,1
20180119081545246PCB19.jpg,Shenfei,0,1,32,40,85,1
20180119081545246PCB19.jpg,Shenfei,1,168,32,239,87,1
20180119081545246PCB19.jpg,Shenfei,2,229,287,299,362,1
20180119081545246PCB2.jpg,Shenfei,0,136,321,199,381,1
20180119081545246PCB2.jpg,Shenfei,1,331,325,392,379,1
20180119081545246PCB20.jpg,Shenfei,0,120,103,181,165,1
20180119081545246PCB20.jpg,Shenfei,1,359,33,415,87,1
20180119081545246PCB20.jpg,Shenfei,2,358,170,416,224,1
20180119081545246PCB21.jpg,Shenfei,0,2,32,81,86,1
20180119081545246PCB21.jpg,Shenfei,1,2,170,79,223,1
20180119081545246PCB21.jpg,Shenfei,2,216,292,291,363,0
20180119081545246PCB21.jpg,Shenfei,3,343,312,403,375,1
20180119081545246PCB22.jpg,Shenfei,0,75,140,139,202,1
20180119081545246PCB22.jpg,Shenfei,1,206,156,266,220,1
20180119081545246PCB22.jpg,Shenfei,2,376,156,416,218,1
20180119081545246PCB22.jpg,Shenfei,3,1,309,52,375,1
20180119081545246PCB22.jpg,Shenfei,4,173,310,238,372,1
20180119081545246PCB23.jpg,EdwinXu,0,22,155,84,218,1
20180119081545246PCB23.jpg,EdwinXu,1,142,288,221,364,1
20180119081545246PCB23.jpg,EdwinXu,2,333,232,385,297,1
20180119081545246PCB24.jpg,EdwinXu,0,1,232,32,297,1
20180119081545246PCB24.jpg,EdwinXu,1,101,232,156,300,1
20180119081545246PCB25.jpg,EdwinXu,0,97,284,167,356,1
20180119081545246PCB26.jpg,EdwinXu,0,94,25,165,78,1
20180119081545246PCB26.jpg,EdwinXu,1,291,26,356,80,1
20180119081545246PCB26.jpg,EdwinXu,2,136,281,212,358,1
20180119081545246PCB27.jpg,Leilei,0,134,27,200,78,1
20180119081545246PCB27.jpg,Leilei,1,185,280,260,357,1
20180119081545246PCB28.jpg,Shenfei,0,76,96,144,160,1
20180119081545246PCB28.jpg,Shenfei,1,319,27,395,80,1
20180119081545246PCB28.jpg,Shenfei,2,317,163,397,219,1
20180119081545246PCB29.jpg,Shenfei,0,179,287,255,358,1
20180119081545246PCB29.jpg,Shenfei,1,304,305,367,368,1
20180119081545246PCB3.jpg,Leilei,0,1,319,39,383,1
20180119081545246PCB3.jpg,Leilei,1,170,320,236,373,1
20180119081545246PCB30.jpg,Shenfei,0,39,133,99,195,1
20180119081545246PCB30.jpg,Shenfei,1,166,150,226,212,1
20180119081545246PCB30.jpg,Shenfei,2,339,150,402,212,1
20180119081545246PCB30.jpg,Shenfei,3,137,302,201,365,1
20180119081545246PCB31.jpg,Leilei,0,1,148,45,214,1
20180119081545246PCB31.jpg,Leilei,1,294,227,348,292,1
20180119081545246PCB31.jpg,Leilei,2,102,280,181,358,1
20180119081545246PCB32.jpg,Shenfei,0,67,225,117,293,1
20180119081545246PCB33.jpg,Leilei,0,137,306,197,368,1
20180119081545246PCB33.jpg,Leilei,1,280,350,352,416,1
20180119081545246PCB34.jpg,Leilei,0,174,1,249,72,1
20180119081545246PCB34.jpg,Leilei,1,77,307,141,367,1
20180119081545246PCB34.jpg,Leilei,2,181,305,244,367,1
20180119081545246PCB34.jpg,Leilei,3,325,352,402,416,1
20180119081545246PCB35.jpg,EdwinXu,0,224,1,298,71,1
20180119081545246PCB35.jpg,EdwinXu,1,126,302,189,368,1
20180119081545246PCB35.jpg,EdwinXu,2,226,305,296,365,1
20180119081545246PCB36.jpg,Leilei,0,16,345,95,412,1
20180119081545246PCB36.jpg,Leilei,1,172,303,235,363,1
20180119081545246PCB36.jpg,Leilei,2,359,125,416,180,1
20180119081545246PCB36.jpg,Leilei,3,358,263,416,315,1
20180119081545246PCB37.jpg,EdwinXu,0,216,9,295,74,0
20180119081545246PCB37.jpg,EdwinXu,1,344,22,404,87,1
20180119081545246PCB37.jpg,EdwinXu,2,3,124,79,180,1
20180119081545246PCB37.jpg,EdwinXu,3,5,263,83,319,1
20180119081545246PCB38.jpg,Shenfei,0,1,22,51,85,1
20180119081545246PCB38.jpg,Shenfei,1,174,21,238,84,1
20180119081545246PCB39.jpg,Leilei,0,147,2,220,75,1
20180119081545246PCB39.jpg,Leilei,1,75,221,131,284,1
20180119081545246PCB39.jpg,Leilei,2,201,222,252,282,1
20180119081545246PCB39.jpg,Leilei,3,334,268,396,325,1
20180119081545246PCB4.jpg,Shenfei,0,111,198,187,262,0
20180119081545246PCB4.jpg,Shenfei,1,356,322,415,373,1
20180119081545246PCB40.jpg,Leilei,0,71,179,129,238,1
20180119081545246PCB40.jpg,Leilei,1,2,268,40,328,1
20180119081545246PCB40.jpg,Leilei,2,2,375,41,416,1
20180119081545246PCB40.jpg,Leilei,3,64,373,106,416,1
20180119081545246PCB40.jpg,Leilei,4,122,374,169,416,1
20180119081545246PCB40.jpg,Leilei,5,208,373,251,415,1
20180119081545246PCB41.jpg,EdwinXu,0,91,3,166,65,1
20180119081545246PCB41.jpg,EdwinXu,1,99,300,164,365,1
20180119081545246PCB41.jpg,EdwinXu,2,236,340,314,410,0
20180119081545246PCB42.jpg,Leilei,0,137,3,214,67,1
20180119081545246PCB42.jpg,Leilei,1,42,303,101,361,1
20180119081545246PCB42.jpg,Leilei,2,146,302,209,362,1
20180119081545246PCB42.jpg,Leilei,3,286,340,366,415,1
20180119081545246PCB43.jpg,EdwinXu,0,182,2,262,67,1
20180119081545246PCB43.jpg,EdwinXu,1,85,297,152,360,1
20180119081545246PCB43.jpg,EdwinXu,2,190,297,256,358,1
20180119081545246PCB43.jpg,EdwinXu,3,336,340,411,412,1
20180119081545246PCB44.jpg,Leilei,0,1,338,56,415,1
20180119081545246PCB44.jpg,Leilei,1,136,297,198,360,1
20180119081545246PCB44.jpg,Leilei,2,319,120,395,174,1
20180119081545246PCB44.jpg,Leilei,3,319,257,399,312,1
20180119081545246PCB45.jpg,Leilei,0,179,4,254,69,1
20180119081545246PCB45.jpg,Leilei,1,302,15,369,79,1
20180119081545246PCB45.jpg,Leilei,2,1,117,41,178,1
20180119081545246PCB45.jpg,Leilei,3,1,253,45,316,1
20180119081545246PCB46.jpg,Shenfei,0,137,13,199,76,1
20180119081545246PCB47.jpg,Leilei,0,105,2,184,68,1
20180119081545246PCB47.jpg,Leilei,1,38,214,89,275,1
20180119081545246PCB47.jpg,Leilei,2,161,214,215,283,1
20180119081545246PCB48.jpg,Leilei,0,34,174,91,230,1
20180119081545246PCB48.jpg,Leilei,1,24,370,66,414,1
20180119081545246PCB48.jpg,Leilei,2,86,368,131,413,1
20180119081545246PCB49.jpg,Shenfei,0,141,19,201,81,1
20180119081545246PCB49.jpg,Shenfei,1,277,65,354,132,1
20180119081545246PCB49.jpg,Shenfei,2,71,172,137,232,1
20180119081545246PCB49.jpg,Shenfei,3,62,262,139,338,0
20180119081545246PCB49.jpg,Shenfei,4,336,240,384,278,1
20180119081545246PCB49.jpg,Shenfei,5,112,362,199,416,1
20180119081545246PCB5.jpg,Shenfei,0,3,322,81,375,1
20180119081545246PCB5.jpg,Shenfei,1,214,205,292,284,1
20180119081545246PCB5.jpg,Shenfei,2,368,255,416,316,1
20180119081545246PCB50.jpg,Shenfei,0,78,18,142,78,1
20180119081545246PCB50.jpg,Shenfei,1,182,19,244,80,1
20180119081545246PCB50.jpg,Shenfei,2,325,61,402,133,1
20180119081545246PCB50.jpg,Shenfei,3,140,296,204,356,1
20180119081545246PCB51.jpg,Shenfei,0,124,17,189,78,1
20180119081545246PCB51.jpg,Shenfei,1,227,17,295,81,1
20180119081545246PCB51.jpg,Shenfei,2,77,290,156,363,1
20180119081545246PCB52.jpg,Leilei,0,16,57,96,134,1
20180119081545246PCB52.jpg,Leilei,1,172,16,235,74,1
20180119081545246PCB54.jpg,Leilei,0,204,170,267,229,1
20180119081545246PCB55.jpg,Leilei,0,99,168,166,231,1
20180119081545246PCB55.jpg,Leilei,1,292,275,333,327,1
20180119081545246PCB56.jpg,Leilei,0,1,86,40,132,1
20180119081545246PCB56.jpg,Leilei,1,60,88,104,136,1
20180119081545246PCB56.jpg,Leilei,2,123,85,168,134,1
20180119081545246PCB56.jpg,Leilei,3,204,86,253,128,1
20180119081545246PCB56.jpg,Leilei,4,62,274,106,325,1
20180119081545246PCB56.jpg,Leilei,5,126,273,168,327,1
20180119081545246PCB56.jpg,Leilei,6,210,340,250,381,1
20180119081545246PCB57.jpg,Leilei,0,94,12,162,75,1
20180119081545246PCB57.jpg,Leilei,1,302,233,343,273,1
20180119081545246PCB57.jpg,Leilei,2,73,355,161,416,1
20180119081545246PCB58.jpg,Leilei,0,41,13,102,73,1
20180119081545246PCB58.jpg,Leilei,1,145,12,209,71,1
20180119081545246PCB58.jpg,Leilei,2,102,288,167,352,1
20180119081545246PCB59.jpg,Leilei,0,84,10,152,70,1
20180119081545246PCB59.jpg,Leilei,1,189,10,254,72,1
20180119081545246PCB59.jpg,Leilei,2,38,282,113,357,1
20180119081545246PCB6.jpg,EdwinXu,0,13,253,77,319,1
20180119081545246PCB6.jpg,EdwinXu,1,199,243,264,313,1
20180119081545246PCB6.jpg,EdwinXu,2,376,243,415,308,1
20180119081545246PCB60.jpg,EdwinXu,0,134,9,198,69,1
20180119081545246PCB62.jpg,EdwinXu,0,164,161,232,223,1
20180119081545246PCB63.jpg,EdwinXu,0,62,160,129,223,1
20180119081545246PCB63.jpg,EdwinXu,1,257,268,294,320,1
20180119081545246PCB63.jpg,EdwinXu,2,382,266,414,318,1
20180119081545246PCB63.jpg,EdwinXu,3,256,78,293,124,1
20180119081545246PCB63.jpg,EdwinXu,4,317,82,357,127,1
20180119081545246PCB63.jpg,EdwinXu,5,380,78,416,130,1
20180119081545246PCB64.jpg,EdwinXu,0,24,77,66,128,1
20180119081545246PCB64.jpg,EdwinXu,1,86,77,130,128,1
20180119081545246PCB64.jpg,EdwinXu,2,28,266,66,320,1
20180119081545246PCB64.jpg,EdwinXu,3,87,265,132,320,1
20180119081545246PCB64.jpg,EdwinXu,4,176,335,216,372,1
20180119081545246PCB65.jpg,Leilei,0,112,70,201,131,1
20180119081545246PCB65.jpg,Leilei,1,111,172,201,232,1
20180119081545246PCB65.jpg,Leilei,2,341,202,382,239,1
20180119081545246PCB65.jpg,Leilei,3,337,265,388,315,1
20180119081545246PCB66.jpg,Leilei,0,140,7,202,68,1
20180119081545246PCB66.jpg,Leilei,1,84,149,160,223,1
20180119081545246PCB66.jpg,Leilei,2,139,303,204,368,0
20180119081545246PCB66.jpg,Leilei,3,62,361,131,416,1
20180119081545246PCB67.jpg,Shenfei,0,74,3,148,77,1
20180119081545246PCB67.jpg,Shenfei,1,79,297,153,371,1
20180119081545246PCB67.jpg,Shenfei,2,244,278,307,341,1
20180119081545246PCB68.jpg,Shenfei,0,335,379,372,416,1
20180119081545246PCB69.jpg,EdwinXu,0,164,50,202,90,1
20180119081545246PCB69.jpg,EdwinXu,1,85,335,118,393,1
20180119081545246PCB69.jpg,EdwinXu,2,135,336,167,397,1
20180119081545246PCB7.jpg,Leilei,0,20,246,85,309,1
20180119081545246PCB7.jpg,Leilei,1,142,205,219,281,1
20180119081545246PCB70.jpg,Shenfei,0,312,127,363,197,1
20180119081545246PCB70.jpg,Shenfei,1,111,240,166,293,1
20180119081545246PCB71.jpg,Leilei,0,56,127,107,196,1
20180119081545246PCB71.jpg,Leilei,1,157,125,206,194,0
20180119081545246PCB71.jpg,Leilei,2,258,125,304,196,1
20180119081545246PCB71.jpg,Leilei,3,356,125,402,195,1
20180119081545246PCB71.jpg,Leilei,4,292,1,333,37,1
20180119081545246PCB72.jpg,Shenfei,0,2,125,47,194,1
20180119081545246PCB72.jpg,Shenfei,1,64,1,104,37,1
20180119081545246PCB72.jpg,Shenfei,2,126,1,168,40,1
20180119081545246PCB72.jpg,Shenfei,3,212,52,250,90,1
20180119081545246PCB72.jpg,Shenfei,4,199,217,238,274,1
20180119081545246PCB72.jpg,Shenfei,5,261,216,300,275,1
20180119081545246PCB73.jpg,Shenfei,0,73,64,161,128,1
20180119081545246PCB73.jpg,Shenfei,1,72,163,161,227,1
20180119081545246PCB73.jpg,Shenfei,2,300,192,345,237,1
20180119081545246PCB73.jpg,Shenfei,3,300,260,349,308,1
20180119081545246PCB74.jpg,Leilei,0,101,2,166,59,1
20180119081545246PCB74.jpg,Leilei,1,46,143,122,216,1
20180119081545246PCB74.jpg,Leilei,2,101,298,166,360,1
20180119081545246PCB75.jpg,EdwinXu,0,36,1,114,67,1
20180119081545246PCB75.jpg,EdwinXu,1,39,290,118,364,1
20180119081545246PCB77.jpg,EdwinXu,0,45,324,81,389,1
20180119081545246PCB77.jpg,EdwinXu,1,97,329,132,389,1
20180119081545246PCB78.jpg,EdwinXu,0,274,120,325,192,1
20180119081545246PCB78.jpg,EdwinXu,1,374,118,416,193,1
20180119081545246PCB78.jpg,EdwinXu,2,72,232,125,284,1
20180119081545246PCB79.jpg,EdwinXu,0,18,120,67,190,1
20180119081545246PCB79.jpg,EdwinXu,1,120,119,168,188,0
20180119081545246PCB79.jpg,EdwinXu,2,219,118,265,190,1
20180119081545246PCB79.jpg,EdwinXu,3,317,120,365,190,1
20180119081545246PCB80.jpg,EdwinXu,0,28,1,64,34,1
20180119081545246PCB80.jpg,EdwinXu,1,91,1,131,32,1
20180119081545246PCB80.jpg,EdwinXu,2,173,46,214,83,1
20180119081545246PCB80.jpg,EdwinXu,3,161,208,201,269,1
20180119081545246PCB80.jpg,EdwinXu,4,224,208,264,268,1
20180119081545246PCB81.jpg,EdwinXu,0,326,223,401,276,1
20180119081545246PCB81.jpg,EdwinXu,1,246,325,331,382,0
20180119081545246PCB82.jpg,EdwinXu,0,139,14,201,78,1
20180119081545246PCB82.jpg,EdwinXu,1,137,125,201,189,1
20180119081545246PCB82.jpg,EdwinXu,2,1,222,47,279,1
20180119081545246PCB82.jpg,EdwinXu,3,84,269,161,342,1
20180119081545246PCB83.jpg,Shenfei,0,75,8,154,82,1
20180119081545246PCB83.jpg,Shenfei,1,76,119,154,196,1
20180119081545246PCB85.jpg,Shenfei,0,84,44,118,107,1
20180119081545246PCB85.jpg,Shenfei,1,133,43,167,107,1
20180119081545246PCB85.jpg,Shenfei,2,341,251,399,288,1
20180119081545246PCB85.jpg,Shenfei,3,341,317,396,348,1
20180119081545246PCB86.jpg,Leilei,0,111,200,165,250,1
20180119081545246PCB86.jpg,Leilei,1,1,251,45,290,1
20180119081545246PCB86.jpg,Leilei,2,1,317,44,348,1
20180119081545246PCB86.jpg,Leilei,3,316,334,360,404,1
20180119081545246PCB87.jpg,EdwinXu,0,61,332,106,403,1
20180119081545246PCB88.jpg,Leilei,0,199,118,237,173,1
20180119081545246PCB88.jpg,Leilei,1,259,115,307,180,1
20180119081545246PCB89.jpg,EdwinXu,0,289,216,363,268,1
20180119081545246PCB89.jpg,EdwinXu,1,208,320,294,379,0
20180119081545246PCB90.jpg,Shenfei,0,101,10,165,72,1
20180119081545246PCB90.jpg,Shenfei,1,100,122,165,182,1
20180119081545246PCB90.jpg,Shenfei,2,47,263,120,336,1
20180119081545246PCB91.jpg,Shenfei,0,42,3,115,75,1
20180119081545246PCB91.jpg,Shenfei,1,41,115,117,187,1
20180119081545246PCB91.jpg,Shenfei,2,204,277,232,340,1
20180119081545246PCB91.jpg,Shenfei,3,252,280,285,341,1
20180119081545246PCB93.jpg,EdwinXu,0,46,38,81,100,1
20180119081545246PCB93.jpg,EdwinXu,1,94,38,132,102,1
20180119081545246PCB93.jpg,EdwinXu,2,304,245,362,280,1
20180119081545246PCB93.jpg,EdwinXu,3,305,310,361,343,1
20180119081545246PCB94.jpg,Shenfei,0,72,194,126,245,1
20180119081545246PCB94.jpg,Shenfei,1,277,328,323,397,1
20180119081545246PCB94.jpg,Shenfei,2,377,326,416,397,1
20180119081545246PCB95.jpg,Leilei,0,19,326,69,397,1
20180119081545246PCB96.jpg,Shenfei,0,162,110,201,166,1
20180119081545246PCB96.jpg,Shenfei,1,222,107,270,172,1
20180119081545246PCB96.jpg,Shenfei,2,139,317,189,357,1
20180119081545246PCB96.jpg,Shenfei,3,138,380,189,416,1
20180119081545246PCB97.jpg,EdwinXu,0,335,258,391,302,1
20180119081545246PCB97.jpg,EdwinXu,1,334,320,390,357,1
20180119081545246PCB97.jpg,EdwinXu,2,335,373,394,413,1
20180119081545246PCB97.jpg,EdwinXu,3,245,34,332,96,0
20180119081545246PCB97.jpg,EdwinXu,4,248,133,329,193,1
20180119081545246PCB98.jpg,Leilei,0,84,2,161,52,1
20180119081545246PCB98.jpg,Leilei,1,138,134,202,195,1
20180119081545246PCB98.jpg,Leilei,2,1,259,37,303,1
20180119081545246PCB98.jpg,Leilei,3,1,318,36,358,1
20180119081545246PCB98.jpg,Leilei,4,1,372,39,416,1
20180119081545246PCB99.jpg,Leilei,0,80,127,151,201,1
20180119081545246PCB99.jpg,Leilei,1,236,3,271,56,1
20180119081545246PCB99.jpg,Leilei,2,291,1,322,57,1


